+------+----------------+----------------+-------------------+-------+
| year | loss_pct_WRONG | loss_pct_right | melts_with_charge | melts |
+------+----------------+----------------+-------------------+-------+
| 2020 |        -225.66 |           7.76 |                50 |   193 |
| 2021 |           4.51 |           6.81 |               187 |   190 |
| 2022 |           6.70 |           6.70 |               166 |   166 |
| 2023 |           6.89 |           6.89 |               190 |   190 |
| 2024 |           6.88 |           6.88 |               214 |   214 |
| 2025 |           6.62 |           6.62 |               149 |   149 |
| 2026 |           6.17 |           6.17 |               144 |   144 |
+------+----------------+----------------+-------------------+-------+
+--------------+------+-------+--------+----------+---------------+----------+---------------------+
| furnace_code | year | melts | tonnes | kg_per_h | gas_nm3_per_t | loss_pct | loss_pct_simple_avg |
+--------------+------+-------+--------+----------+---------------+----------+---------------------+
| C01          | 2020 |    23 | 1201.8 |      462 |         233.9 |     5.93 |                6.05 |
| C01          | 2021 |    24 | 1135.1 |      476 |         225.5 |     7.26 |                6.97 |
| C01          | 2022 |    28 | 1373.4 |      506 |         219.7 |     6.08 |                6.04 |
| C01          | 2023 |    22 | 1070.8 |      456 |         228.7 |     7.76 |                7.57 |
| C01          | 2024 |    35 | 1692.4 |      491 |         218.5 |     6.71 |                6.61 |
| C01          | 2025 |    35 | 1636.7 |      474 |         232.2 |     7.77 |                7.56 |
| C01          | 2026 |    21 |  966.9 |      488 |         224.5 |     5.44 |                5.49 |
| C02          | 2020 |    33 | 1659.8 |      411 |         233.6 |     7.49 |                7.24 |
| C02          | 2021 |    25 | 1331.4 |      432 |         198.8 |     6.92 |                6.33 |
| C02          | 2022 |    12 |  591.8 |      436 |         168.8 |     9.21 |                8.86 |
| C02          | 2023 |    18 |  896.7 |      439 |         164.9 |     5.28 |                5.48 |
| C02          | 2024 |    18 |  836.9 |      452 |         164.3 |     5.89 |                5.47 |
| C02          | 2025 |    24 | 1167.2 |      459 |         163.7 |     5.67 |                5.57 |
| C02          | 2026 |    18 |  829.1 |      404 |         178.3 |     5.51 |                4.98 |
| C03          | 2020 |    19 |  980.0 |      591 |         210.1 |     7.78 |                7.66 |
| C03          | 2021 |    21 | 1127.0 |      552 |         225.9 |     6.85 |                7.03 |
| C03          | 2022 |    27 | 1318.3 |      571 |         217.7 |     7.04 |                7.01 |
| C03          | 2023 |    24 | 1179.4 |      549 |         224.0 |     8.11 |                7.43 |
| C03          | 2024 |    25 | 1345.1 |      566 |         223.8 |     7.72 |                8.01 |
| C03          | 2025 |    17 |  780.5 |      567 |         218.4 |     4.90 |                5.32 |
| C03          | 2026 |    21 |  978.1 |      587 |         210.5 |     5.58 |                5.62 |
| C04          | 2020 |    23 | 1161.3 |      516 |         215.0 |     8.51 |                8.96 |
| C04          | 2021 |    18 |  921.3 |      530 |         206.1 |     6.38 |                5.92 |
| C04          | 2022 |    15 |  683.0 |      518 |         213.8 |     7.13 |                7.19 |
| C04          | 2023 |    24 | 1120.8 |      510 |         215.0 |     5.43 |                5.41 |
| C04          | 2024 |    37 | 1719.5 |      530 |         212.2 |     6.72 |                6.46 |
| C04          | 2025 |    16 |  815.1 |      535 |         210.0 |     6.38 |                5.95 |
| C04          | 2026 |    12 |  450.9 |      502 |         215.7 |     5.91 |                5.46 |
| C05          | 2020 |    28 | 1399.0 |      473 |         219.6 |     8.94 |                8.10 |
| C05          | 2021 |    20 | 1003.4 |      422 |         234.0 |     5.79 |                5.43 |
| C05          | 2022 |    22 | 1041.5 |      473 |         218.0 |     6.54 |                6.01 |
| C05          | 2023 |    20 |  919.6 |      453 |         183.7 |     7.13 |                6.80 |
| C05          | 2024 |    25 | 1201.8 |      429 |         176.1 |     7.44 |                7.37 |
| C05          | 2025 |    19 | 1019.3 |      447 |         170.3 |     6.71 |                6.74 |
| C05          | 2026 |    19 | 1042.9 |      434 |         172.2 |     7.24 |                7.29 |
| C06          | 2020 |    24 | 1101.5 |      539 |         211.9 |     8.18 |                7.69 |
| C06          | 2021 |    25 | 1086.9 |      511 |         229.3 |     7.78 |                7.72 |
| C06          | 2022 |    27 | 1427.7 |      561 |         207.4 |     6.01 |                5.77 |
| C06          | 2023 |    16 |  831.4 |      497 |         225.0 |     8.23 |                8.01 |
| C06          | 2024 |    20 | 1102.9 |      542 |         212.2 |     7.00 |                6.73 |
| C06          | 2025 |    18 |  719.7 |      508 |         220.6 |     7.75 |                7.72 |
| C06          | 2026 |    22 | 1178.8 |      533 |         213.1 |     7.04 |                7.13 |
| R01          | 2020 |     3 |   18.8 |      141 |         341.2 |     NULL |                NULL |
| R01          | 2021 |    16 |   92.8 |      142 |         353.6 |     6.08 |                6.21 |
| R01          | 2022 |    14 |   80.7 |      155 |         329.6 |     5.32 |                5.06 |
| R01          | 2023 |    25 |  146.6 |      149 |         337.4 |     5.36 |                5.07 |
| R01          | 2024 |    33 |  186.5 |      136 |         344.8 |     4.99 |                4.98 |
| R01          | 2025 |    12 |   61.7 |      134 |         348.1 |     4.55 |                4.63 |
| R01          | 2026 |    18 |  112.4 |      153 |         328.8 |     4.83 |                5.00 |
| T01          | 2020 |    40 |  238.8 |      162 |         237.2 |     4.21 |                3.79 |
| T01          | 2021 |    41 |  239.2 |      171 |         240.3 |     5.77 |                5.51 |
| T01          | 2022 |    21 |  130.3 |      174 |         229.3 |     5.31 |                5.57 |
| T01          | 2023 |    41 |  231.9 |      167 |         233.9 |     4.75 |                4.29 |
| T01          | 2024 |    21 |  135.9 |      179 |         232.4 |     5.45 |                5.47 |
| T01          | 2025 |     8 |   49.8 |      173 |         233.0 |     5.25 |                5.07 |
| T01          | 2026 |    13 |   82.7 |      170 |         229.5 |     5.56 |                5.55 |
+--------------+------+-------+--------+----------+---------------+----------+---------------------+
+------+----------------+--------+-----------+-----------+------------+------------+-------------+
| year | tonnes_decided | ok_pct | minor_pct | major_pct | remelt_pct | reject_pct | remelt_rule |
+------+----------------+--------+-----------+-----------+------------+------------+-------------+
| 2020 |           7461 |  70.25 |     12.09 |     12.19 |       4.16 |       1.31 | old rule    |
| 2021 |           6746 |  69.51 |     12.32 |     10.74 |       6.68 |       0.75 | old rule    |
| 2022 |           6561 |  69.64 |     10.85 |     12.67 |       6.09 |       0.75 | old rule    |
| 2023 |           6310 |  71.29 |     10.16 |     12.37 |       4.94 |       1.23 | old rule    |
| 2024 |           7967 |  69.18 |     13.34 |     13.93 |       2.37 |       1.18 | new rule    |
| 2025 |           6250 |  67.79 |     12.34 |     16.85 |       2.64 |       0.39 | new rule    |
| 2026 |           5600 |  69.00 |     12.68 |     15.84 |       1.96 |       0.51 | new rule    |
+------+----------------+--------+-----------+-----------+------------+------------+-------------+
+------+----------------+------------+--------------+
| year | conforming_pct | remelt_pct | rejected_pct |
+------+----------------+------------+--------------+
| 2020 |          94.53 |       4.16 |         1.31 |
| 2021 |          92.57 |       6.68 |         0.75 |
| 2022 |          93.16 |       6.09 |         0.75 |
| 2023 |          93.82 |       4.94 |         1.23 |
| 2024 |          96.45 |       2.37 |         1.18 |
| 2025 |          96.97 |       2.64 |         0.39 |
| 2026 |          97.53 |       1.96 |         0.51 |
+------+----------------+------------+--------------+
+------+--------------+---------------+---------------+---------+--------------------+
| year | priced_melts | reject_cost_k | remelt_cost_k | total_k | per_tonne_produced |
+------+--------------+---------------+---------------+---------+--------------------+
| 2024 |          213 |        2676.6 |        1120.4 |  3797.0 |              467.0 |
| 2025 |          149 |         752.4 |         969.7 |  1722.1 |              275.5 |
| 2026 |          144 |         883.5 |         627.9 |  1511.4 |              267.9 |
+------+--------------+---------------+---------------+---------+--------------------+
